Real:126.99745063725163
Score
98.49563688104
96.32158370005902
96.87868630647174
97.36277267674654
96.43085039440805
97.54146511444256
97.95106908772274
93.81575822035202
98.3356726583088
96.90946644293876
89.25116039408763
88.66878700352137
104.20757882350506
106.65712283547363
90.22302143095939
104.97269295795778
101.02702698174258
103.39042861620281
94.97307094405386
94.36184786716117
92.12641314581742
103.8952648358786
87.74286601650897
92.05053669354689
95.52543859961798
89.17421862092924
98.19412010577742
99.5703151353237
99.41228592841483
101.66856278718154
94.51133175168171
98.20859913949792
99.65382750442399
90.29981216578227
86.9137852639021
99.48479666990735
98.09110942187752
95.57579482391387
96.2014038839764
97.66519282506434
97.22130259242523
92.55307609110145
93.56342557612639
85.40832546401117
93.06376011606878
94.9064657573754
98.18105029379076
97.86529705676645
89.72283399874827
108.72066629567445
89.56238943870846
99.73858291531025
99.91399309020562
107.8471422448056
94.55515863518218
92.76426024584732
99.93600752163441
97.62669333419606
103.3462963335499
92.56555544147204
91.46762556900097
91.8013040591697
98.53652172113121
98.03805617442507
94.81425922313869
86.92345569017778
94.5242430507148
99.31690218904438
90.66886507710453
97.9825235663175
90.33878084248641
96.89410687718863
95.90574547716753
88.40879914794091
93.20710398508754
95.00252966647483
94.00249577653652
96.28209618210424
101.674816332007
99.69067412306455
98.25722054495961
84.60894005697793
97.42747977333266
100.57313711758728
102.47902803649204
99.88658722456061
91.83533943808752
105.81870730600036
94.84887318446565
101.94968469603143
108.80419940877746
96.68041210975858
97.73167453033582
95.57574648477365
98.5986948071042
99.97390068029381
108.26554607400266
93.11316978149982
101.09848999822869
107.12439404744761
