Real:125.04590553820555
Score
66.69007767742112
61.16451093212663
71.16498885606177
63.51247783169663
69.69345502956251
80.84270446850444
71.22054525160459
65.3033594490988
60.81158483809579
62.280754240050555
59.96845782395235
67.08321174017654
71.16195861136612
66.30709981020921
70.03456482159623
65.50884591249509
70.3869729546641
61.568158851142876
73.3579919702775
70.34399999827225
67.07741743148482
66.42458224306841
71.782393859982
73.38864071593262
71.8710475823021
64.51569535275448
73.45213804844205
68.9529531343907
63.12462392685404
68.69098659469807
67.54175782266014
64.28810118895794
71.54137296909667
71.285450846492
67.08472196708225
71.17852454962781
77.7615698928079
70.86398790575547
78.58834431506284
71.45634203896871
71.56165986463019
72.89762058122818
67.73202508712559
66.84649562702994
65.3262887803398
66.94868436570044
72.63457777105222
70.5485856953623
66.16668385189612
79.91428582180876
110.0298919255425
112.05036298230495
109.75619093893829
111.0389578388011
110.52654043442541
117.09704716555339
108.43472113432993
99.91061877861307
102.00713239657976
112.9640447247113
99.39452062497793
109.85778591549506
111.29625265727009
107.74296554413687
113.83860375608515
108.12162218354598
115.21825598837506
108.30894046190204
112.71386299562408
108.98791380407806
109.20156549088762
110.72204929881225
105.83114826373142
97.36912081991474
100.51079969734519
106.05804718600704
102.01463487452415
115.27845430757486
102.41174024272854
110.12806065155385
105.97086855715025
104.4435173923398
116.27676954022064
98.08027155654571
104.15362000060313
107.87595728300312
104.27031946555779
101.87816936045112
103.96402077877741
109.88742542879015
107.17307324404997
111.6729520990032
106.7883240593152
112.57270572129147
107.24611019586476
100.20163610652001
109.53768467687738
105.4452797221026
115.16048593413025
105.20335239182356
