Real:1332.1727147705365
Score
1355.8463028095323
1352.8254822185268
1358.002481232247
1350.8423380231611
1349.125975441933
1351.6784290792184
1351.9998381977264
1342.074258940469
1358.9613362004256
1339.8157573263115
1344.588639419021
1348.1927913554973
1348.1561001855853
1364.3912475880886
1324.9521133710628
1349.0972871779568
1348.785821394641
1349.322049781637
1348.4307872230586
1352.3908906417987
1346.9309097157618
1355.3223517062604
1365.413668546384
1368.8238555755745
1356.5161610636637
1355.885486741628
1362.6988194931996
1357.1466414411386
1361.8006188314166
1361.1875813888892
1354.1068052096434
1359.7016189816147
1353.304638828597
1350.0115804000616
1341.9294961767805
1359.8355902881704
1359.3393015762456
1362.7850305600145
1350.3331885023315
1354.1265278496915
1358.0709388950204
1360.2330797553946
1352.7127763813423
1364.691936719578
1335.2264321212895
1367.3037960498223
1332.1483970936106
1347.8752965051006
1364.5826129832976
1361.5823621680186
1433.9373329700475
1378.9322075089085
1377.8202178358324
1421.9501654345197
1411.5167430873264
1433.6285867704555
1362.6420534064905
1429.3204914005664
1372.7676466009684
1413.0068332521766
1402.3692381669737
1373.6933746250975
1403.2420930329174
1451.1650490432653
1349.180406729798
1432.9346841417112
1437.5391459116734
1401.637211262917
1375.2011427203224
1377.6723025205156
1416.6177994665852
1407.4618988603463
1367.1766993102922
1401.239730082826
1388.9938592532185
1398.641828588598
1395.9832664208427
1392.5231187073919
1397.070879425388
1413.401691937817
1393.382938363252
1437.4062566332748
1434.1042822633215
1390.3454382201573
1424.4174788615965
1443.1197346322579
1430.8724557812502
1453.824871765818
1438.9719237849263
1427.4511888537445
1437.9177343063825
1398.411548831268
1377.7311113132525
1388.3654806287605
1403.5341605391573
1390.093190556486
1388.2951760355381
1425.3794332809114
1381.660624723785
1433.4627352940424
