Real:1302.2954853922793
Score
1331.9605885619
1335.1012799718699
1374.4185045122188
1302.5318033310177
1359.931657599182
1360.283969869402
1330.412682841371
1308.4830139672638
1298.30041026155
1346.3021970862421
1384.1870057443234
1339.7730356384745
1318.374875703817
1339.4380890179596
1279.2326151359557
1392.9565737311227
1302.153026098868
1362.4077204828304
1367.518782877675
1400.015493083367
1392.7122477343985
1402.524793556648
1419.7359139394048
1329.1038839276766
1347.525608025147
1327.8215269015689
1340.7215495469914
1347.11347039487
1370.7989752016745
1308.6410521073813
1329.2423550676285
1362.3914965331992
1315.384818172601
1382.7180603381744
1317.7894167977906
1369.8230787041555
1350.6321258228181
1351.8672519724535
1326.6935232873095
1354.228738562224
1361.5337905258689
1351.9646979950073
1411.0344538866493
1373.7140384584395
1320.658892731994
1311.5616863750454
1380.6270700395849
1308.104090030212
1334.0965422887004
1325.4723849271518
1326.3789955300156
1336.2754118712278
1342.833780877245
1336.0587000435892
1334.8527531283182
1323.060054241996
1327.4432404626077
1336.6698161717459
1334.6614203010429
1330.1918996832699
1327.5640949268936
1327.8593711418728
1327.3158361677258
1329.4965856750227
1338.8834552911521
1324.9201587845741
1333.7081899121656
1315.2134315499138
1333.9448536595792
1329.097028611245
1331.5692888074766
1345.9454583201577
1331.6638110184124
1339.8072879141114
1337.6859891523236
1335.9075299121878
1331.6286647988525
1319.1795363633341
1345.99597851536
1324.4840087294397
1310.8837115746271
1327.9740108936353
1341.5346088782535
1340.4090466794682
1331.9184007755066
1332.5525258904322
1336.9109293034662
1349.2579234143584
1340.4318570608236
1329.5828936095816
1333.435921101066
1319.1669510510312
1323.426743756854
1339.377640798993
1324.6293963630892
1335.8879321485056
1332.5188283147668
1328.782526499233
1338.1706283391434
1315.5791834273705
