Real:1373.6131886376988
Score
1356.1880301855495
1394.808734735964
1323.1884255805546
1401.4879814504584
1406.7778096215447
1371.6793628475125
1309.1717767221007
1357.0177120575138
1376.8508781185878
1364.9568355108588
1349.6757220877698
1456.9460851096096
1423.2919053382752
1347.3198735028413
1330.5565722346055
1410.6704006967161
1331.731233720599
1393.445226645465
1392.7815512422708
1353.2843589180166
1344.2777011230082
1344.941651620555
1308.0443586095437
1365.98865434551
1414.5965670848866
1338.5960147289757
1365.1429045558036
1414.98430685723
1436.7311144744767
1364.6295473913615
1395.708722231699
1388.7712196248572
1360.3749126309285
1380.4939191933356
1316.8248377499772
1391.2025585499318
1380.4978186657715
1384.8871629354974
1372.6268351660626
1413.6572902370747
1345.420759089006
1359.2274389094603
1368.9305421277459
1354.683465020447
1384.5052084626468
1351.8277101521692
1360.1668667997808
1386.2507256686415
1339.1677032370667
1360.4703579683037
1311.2943638535955
1301.8413521236155
1318.8985409687727
1328.3721382712083
1321.697460601902
1296.6557195584292
1306.2928065699207
1306.704831604859
1313.7743017979333
1329.7704790583223
1323.5420133334146
1316.81083722945
1307.1183383618322
1315.003845988845
1306.1565926244484
1322.3711685122212
1300.4905605417803
1314.183175211112
1301.657783251567
1319.0751850403565
1313.6586356752139
1326.2060877567649
1319.561767724475
1295.2016620806485
1313.6074380709074
1311.5123517552129
1308.5457876553412
1312.5933171195677
1310.528689389237
1290.8264013335486
1309.2437356605756
1338.4210486823263
1323.0152260185705
1326.1611281755745
1327.0418499274354
1322.639945927739
1329.8525512057206
1321.8362377807775
1325.3643914625518
1294.748837011985
1313.4892565683303
1337.8692170125858
1316.2666469205922
1318.7431875565624
1315.3666025606271
1315.8335186007535
1319.6263355791534
1323.1717461331332
1329.5634130844342
1309.5621665505228
