Real:78.39230243730302
Score
86.06612312963145
78.66896724477533
75.60342551938965
74.15197607361603
71.30870614692168
77.3336645735877
87.0090004728223
73.76243807444307
79.15135488127711
86.77497591764882
82.28056820792096
73.4535672377352
78.14060742447768
81.00674464857897
84.97593477614363
77.21088378420367
83.27287642251191
75.2531349497289
75.39834817603426
80.82545582762452
83.93239271997429
76.12441605942647
80.16822149834388
81.91503008064997
88.09045340345133
79.5193326480227
82.40829362780156
82.50415126543479
64.01882619774133
87.51368539638662
75.49209809333671
87.8174390380168
78.05459315590139
72.13866159831056
76.18085665014266
77.91531681983712
82.59430456699687
83.64577714447356
92.23215600335168
85.47709640356547
86.05393059676564
80.77428169672879
82.56218324596095
81.29942071099939
80.3831430071843
80.03250390197806
75.92329934870139
79.13334525900011
78.19830514053814
73.89942410869978
39.202004730485
40.45603529893302
40.22480898614786
37.11315833789487
41.27676456824915
44.8722642818748
47.40530483307257
61.92860475626361
52.352624441228826
44.23367347639535
43.75249865147033
34.29068254867345
38.391341311149
46.95328136778309
47.20013746929794
46.26051745666808
42.8136950639658
40.96905717076699
36.17370362727158
45.7937054776672
48.93816043508771
41.572738502755726
36.64100941445572
57.001189254476344
46.93439140984597
41.38166479492055
41.06881163278116
32.6289139824206
32.363040566159114
40.75421358860563
38.161919648505105
41.07426876023835
40.12104033925892
35.98868131621279
34.47650567253257
38.58041794163847
43.935062434102775
40.23426012000492
43.551081496653296
45.04265654060325
45.56442695448387
46.990368599612964
44.757198211297165
50.517753375642755
39.312556213145044
48.05347368326268
42.087780955342
42.63667798503947
43.3025070233084
38.74657431429847
